0110001001100001011011100110000101101110011000010111001101110011
1001010010101100101001001010101010101100101010011001100110101101
1110001001100001011011100110000101101110011000010111001101110011
0001010010101100101001001010101010101100101010011001100110101101
0010001001100001011011100110000101101110011000010111001101110011
1101010010101100101001001010101010101100101010011001100110101101
0100001001100001011011100110000101101110011000010111001101110011
1011010010101100101001001010101010101100101010011001100110101101
0111001001100001011011100110000101101110011000010111001101110011
1000010010101100101001001010101010101100101010011001100110101101
0110101001100001011011100110000101101110011000010111001101110011
1001110010101100101001001010101010101100101010011001100110101101
0110011001100001011011100110000101101110011000010111001101110011
1001000010101100101001001010101010101100101010011001100110101101
0110000001100001011011100110000101101110011000010111001101110011
1001011010101100101001001010101010101100101010011001100110101101
0110001101100001011011100110000101101110011000010111001101110011
1001010110101100101001001010101010101100101010011001100110101101
0110001011100001011011100110000101101110011000010111001101110011
1001010000101100101001001010101010101100101010011001100110101101
0110001000100001011011100110000101101110011000010111001101110011
1001010011101100101001001010101010101100101010011001100110101101
0110001001000001011011100110000101101110011000010111001101110011
1001010010001100101001001010101010101100101010011001100110101101
0110001001110001011011100110000101101110011000010111001101110011
1001010010111100101001001010101010101100101010011001100110101101
0110001001101001011011100110000101101110011000010111001101110011
1001010010100100101001001010101010101100101010011001100110101101
0110001001100101011011100110000101101110011000010111001101110011
1001010010101000101001001010101010101100101010011001100110101101
0110001001100011011011100110000101101110011000010111001101110011
1001010010101110101001001010101010101100101010011001100110101101
0110001001100000011011100110000101101110011000010111001101110011
1001010010101101101001001010101010101100101010011001100110101101
0110001001100001111011100110000101101110011000010111001101110011
1001010010101100001001001010101010101100101010011001100110101101
0110001001100001001011100110000101101110011000010111001101110011
1001010010101100111001001010101010101100101010011001100110101101
0110001001100001010011100110000101101110011000010111001101110011
1001010010101100100001001010101010101100101010011001100110101101
0110001001100001011111100110000101101110011000010111001101110011
1001010010101100101101001010101010101100101010011001100110101101
0110001001100001011001100110000101101110011000010111001101110011
1001010010101100101011001010101010101100101010011001100110101101
0110001001100001011010100110000101101110011000010111001101110011
1001010010101100101000001010101010101100101010011001100110101101
0110001001100001011011000110000101101110011000010111001101110011
1001010010101100101001101010101010101100101010011001100110101101
0110001001100001011011110110000101101110011000010111001101110011
1001010010101100101001011010101010101100101010011001100110101101
0110001001100001011011101110000101101110011000010111001101110011
1001010010101100101001000010101010101100101010011001100110101101
0110001001100001011011100010000101101110011000010111001101110011
1001010010101100101001001110101010101100101010011001100110101101
0110001001100001011011100100000101101110011000010111001101110011
1001010010101100101001001000101010101100101010011001100110101101
0110001001100001011011100111000101101110011000010111001101110011
1001010010101100101001001011101010101100101010011001100110101101
0110001001100001011011100110100101101110011000010111001101110011
1001010010101100101001001010001010101100101010011001100110101101
0110001001100001011011100110010101101110011000010111001101110011
1001010010101100101001001010111010101100101010011001100110101101
0110001001100001011011100110001101101110011000010111001101110011
1001010010101100101001001010100010101100101010011001100110101101
0110001001100001011011100110000001101110011000010111001101110011
1001010010101100101001001010101110101100101010011001100110101101
0110001001100001011011100110000111101110011000010111001101110011
1001010010101100101001001010101000101100101010011001100110101101
0110001001100001011011100110000100101110011000010111001101110011
1001010010101100101001001010101011101100101010011001100110101101
0110001001100001011011100110000101001110011000010111001101110011
1001010010101100101001001010101010001100101010011001100110101101
0110001001100001011011100110000101111110011000010111001101110011
1001010010101100101001001010101010111100101010011001100110101101
0110001001100001011011100110000101100110011000010111001101110011
1001010010101100101001001010101010100100101010011001100110101101
0110001001100001011011100110000101101010011000010111001101110011
1001010010101100101001001010101010101000101010011001100110101101
0110001001100001011011100110000101101100011000010111001101110011
1001010010101100101001001010101010101110101010011001100110101101
0110001001100001011011100110000101101111011000010111001101110011
1001010010101100101001001010101010101101101010011001100110101101
0110001001100001011011100110000101101110111000010111001101110011
1001010010101100101001001010101010101100001010011001100110101101
0110001001100001011011100110000101101110001000010111001101110011
1001010010101100101001001010101010101100111010011001100110101101
0110001001100001011011100110000101101110010000010111001101110011
1001010010101100101001001010101010101100100010011001100110101101
0110001001100001011011100110000101101110011100010111001101110011
1001010010101100101001001010101010101100101110011001100110101101
0110001001100001011011100110000101101110011010010111001101110011
1001010010101100101001001010101010101100101000011001100110101101
0110001001100001011011100110000101101110011001010111001101110011
1001010010101100101001001010101010101100101011011001100110101101
0110001001100001011011100110000101101110011000110111001101110011
1001010010101100101001001010101010101100101010111001100110101101
0110001001100001011011100110000101101110011000000111001101110011
1001010010101100101001001010101010101100101010001001100110101101
0110001001100001011011100110000101101110011000011111001101110011
1001010010101100101001001010101010101100101010010001100110101101
0110001001100001011011100110000101101110011000010011001101110011
1001010010101100101001001010101010101100101010011101100110101101
0110001001100001011011100110000101101110011000010101001101110011
1001010010101100101001001010101010101100101010011011100110101101
0110001001100001011011100110000101101110011000010110001101110011
1001010010101100101001001010101010101100101010011000100110101101
0110001001100001011011100110000101101110011000010111101101110011
1001010010101100101001001010101010101100101010011001000110101101
0110001001100001011011100110000101101110011000010111011101110011
1001010010101100101001001010101010101100101010011001110110101101
0110001001100001011011100110000101101110011000010111000101110011
1001010010101100101001001010101010101100101010011001101110101101
0110001001100001011011100110000101101110011000010111001001110011
1001010010101100101001001010101010101100101010011001100010101101
0110001001100001011011100110000101101110011000010111001111110011
1001010010101100101001001010101010101100101010011001100100101101
0110001001100001011011100110000101101110011000010111001100110011
1001010010101100101001001010101010101100101010011001100111101101
0110001001100001011011100110000101101110011000010111001101010011
1001010010101100101001001010101010101100101010011001100110001101
0110001001100001011011100110000101101110011000010111001101100011
1001010010101100101001001010101010101100101010011001100110111101
0110001001100001011011100110000101101110011000010111001101111011
1001010010101100101001001010101010101100101010011001100110100101
0110001001100001011011100110000101101110011000010111001101110111
1001010010101100101001001010101010101100101010011001100110101001
0110001001100001011011100110000101101110011000010111001101110001
1001010010101100101001001010101010101100101010011001100110101111
0110001001100001011011100110000101101110011000010111001101110010
1001010010101100101001001010101010101100101010011001100110101100
